Table for hp
209    209.13    1
239    239.00    1
269    268.88    1
299    298.75    1
418    418.26    2
448    448.13    2
478    478.00    2
478    478.01    2
508    507.88    2
538    537.75    2
538    537.76    2
568    567.63    2
598    597.50    2
627    627.39    3
657    657.26    3
687    687.13    3
687    687.14    3
717    717.00    3
717    717.01    3
747    746.88    3
747    746.89    3
777    776.75    3
777    776.76    3
807    806.63    3
807    806.64    3
836    836.50    3
837    836.51    3
837    836.52    4
866    866.38    3
866    866.39    4
896    896.25    3
896    896.26    4
896    896.27    4
926    926.13    4
926    926.14    4
956    956.00    4
956    956.01    4
956    956.02    4
986    985.88    4
986    985.89    4
1016    1015.75    4
1016    1015.76    4
1016    1015.77    4
1046    1045.63    4
1046    1045.64    4
1046    1045.65    5
1076    1075.50    4
1076    1075.51    4
1076    1075.52    4
1076    1075.52    5
1105    1105.38    4
1105    1105.39    4
1105    1105.39    5
1105    1105.40    5
1135    1135.25    4
1135    1135.26    4
1135    1135.26    5
1135    1135.27    5
1165    1165.13    4
1165    1165.13    5
1165    1165.14    5
1165    1165.15    5
1195    1195.00    4
1195    1195.00    5
1195    1195.01    5
1195    1195.02    5
1225    1224.88    5
1225    1224.89    5
1225    1224.90    5
1255    1254.75    5
1255    1254.76    5
1255    1254.77    5
1255    1254.78    6
1285    1284.63    5
1285    1284.64    5
1285    1284.65    5
1285    1284.65    6
1314    1314.50    5
1315    1314.51    5
1315    1314.52    5
1315    1314.52    6
1315    1314.53    6
1344    1344.38    5
1344    1344.39    5
1344    1344.39    6
1344    1344.40    5
1344    1344.40    6
1374    1374.25    5
1374    1374.26    5
1374    1374.26    6
1374    1374.27    5
1374    1374.27    6
1374    1374.28    6
1404    1404.13    5
1404    1404.13    6
1404    1404.14    5
1404    1404.14    6
1404    1404.15    6
1434    1434.00    5
1434    1434.00    6
1434    1434.01    5
1434    1434.01    6
1434    1434.02    6
1434    1434.03    6
1464    1463.88    5
1464    1463.88    6
1464    1463.89    6
1464    1463.90    6
1494    1493.75    5
1494    1493.75    6
1494    1493.76    6
1494    1493.77    6
1494    1493.78    6
1524    1523.63    6
1524    1523.64    6
1524    1523.65    6
1554    1553.50    6
1554    1553.51    6
1554    1553.52    6
1554    1553.53    6
1583    1583.38    6
1583    1583.39    6
1583    1583.40    6
1613    1613.25    6
1613    1613.26    6
1613    1613.27    6
1613    1613.28    6
1643    1643.13    6
1643    1643.14    6
1643    1643.15    6
1673    1673.00    6
1673    1673.01    6
1673    1673.02    6
1703    1702.88    6
1703    1702.89    6
1733    1732.75    6
1733    1732.76    6
1763    1762.63    6
1792    1792.50    6


Table for hp_percent
0.041    0.04080    1
0.047    0.04660    1
0.052    0.05250    1
0.058    0.05830    1
0.082    0.08160    2
0.087    0.08740    2
0.093    0.09320    2
0.093    0.09330    2
0.099    0.09910    2
0.099    0.09910    2
0.105    0.10490    2
0.105    0.10500    2
0.111    0.11080    2
0.117    0.11660    2
0.122    0.12240    3
0.128    0.12820    3
0.128    0.12820    3
0.134    0.13400    3
0.134    0.13410    3
0.140    0.13980    3
0.140    0.13990    3
0.146    0.14570    3
0.146    0.14570    3
0.146    0.14580    3
0.152    0.15150    3
0.152    0.15160    3
0.152    0.15160    3
0.157    0.15740    3
0.157    0.15750    3
0.163    0.16320    3
0.163    0.16320    3
0.163    0.16320    4
0.163    0.16330    3
0.169    0.16900    4
0.169    0.16900    4
0.169    0.16910    3
0.175    0.17480    4
0.175    0.17480    4
0.175    0.17490    3
0.175    0.17490    4
0.175    0.17490    4
0.181    0.18060    4
0.181    0.18070    4
0.181    0.18070    4
0.186    0.18640    4
0.186    0.18650    4
0.187    0.18650    4
0.187    0.18660    4
0.192    0.19230    4
0.192    0.19230    4
0.192    0.19240    4
0.192    0.19240    4
0.198    0.19810    4
0.198    0.19820    4
0.198    0.19820    4
0.198    0.19830    4
0.198    0.19830    4
0.204    0.20400    4
0.204    0.20400    4
0.204    0.20400    5
0.204    0.20410    4
0.204    0.20410    4
0.210    0.20980    4
0.210    0.20980    4
0.210    0.20980    5
0.210    0.20980    5
0.210    0.20990    4
0.210    0.20990    4
0.210    0.21000    4
0.216    0.21560    5
0.216    0.21560    5
0.216    0.21570    4
0.216    0.21570    4
0.216    0.21570    5
0.216    0.21570    5
0.216    0.21580    4
0.216    0.21580    4
0.221    0.22140    5
0.221    0.22140    5
0.221    0.22150    4
0.221    0.22150    5
0.222    0.22150    4
0.222    0.22150    5
0.222    0.22160    4
0.227    0.22720    5
0.227    0.22730    5
0.227    0.22730    5
0.227    0.22730    5
0.227    0.22740    4
0.227    0.22740    5
0.227    0.22740    4
0.227    0.22740    5
0.233    0.23300    5
0.233    0.23310    5
0.233    0.23310    5
0.233    0.23320    5
0.233    0.23320    4
0.233    0.23320    5
0.233    0.23320    5
0.239    0.23890    5
0.239    0.23890    5
0.239    0.23900    5
0.239    0.23900    5
0.239    0.23910    5
0.239    0.23910    5
0.245    0.24470    5
0.245    0.24480    5
0.245    0.24480    5
0.245    0.24480    5
0.245    0.24480    6
0.245    0.24490    5
0.245    0.24490    5
0.251    0.25060    5
0.251    0.25060    5
0.251    0.25060    6
0.251    0.25070    5
0.251    0.25080    5
0.251    0.25080    5
0.256    0.25640    5
0.256    0.25640    6
0.256    0.25640    6
0.256    0.25650    5
0.257    0.25650    5
0.257    0.25650    6
0.257    0.25660    5
0.262    0.26220    6
0.262    0.26230    5
0.262    0.26230    6
0.262    0.26230    5
0.262    0.26230    6
0.262    0.26240    5
0.262    0.26240    5
0.262    0.26250    5
0.268    0.26800    6
0.268    0.26810    5
0.268    0.26810    6
0.268    0.26810    5
0.268    0.26810    6
0.268    0.26820    5
0.268    0.26820    6
0.268    0.26820    5
0.268    0.26820    6
0.268    0.26830    5
0.274    0.27380    6
0.274    0.27380    6
0.274    0.27390    6
0.274    0.27390    6
0.274    0.27390    6
0.274    0.27400    5
0.274    0.27400    6
0.274    0.27400    5
0.274    0.27400    6
0.274    0.27410    5
0.274    0.27410    5
0.280    0.27960    6
0.280    0.27970    6
0.280    0.27970    6
0.280    0.27980    5
0.280    0.27980    6
0.280    0.27980    6
0.280    0.27990    5
0.280    0.27990    6
0.280    0.27990    5
0.280    0.27990    6
0.285    0.28550    6
0.286    0.28560    6
0.286    0.28560    6
0.286    0.28570    5
0.286    0.28570    6
0.286    0.28570    6
0.291    0.29130    6
0.291    0.29140    6
0.291    0.29140    6
0.291    0.29150    6
0.292    0.29150    5
0.292    0.29150    6
0.292    0.29160    6
0.292    0.29160    6
0.297    0.29720    6
0.297    0.29720    6
0.297    0.29720    6
0.297    0.29730    6
0.297    0.29730    6
0.297    0.29740    6
0.303    0.30300    6
0.303    0.30300    6
0.303    0.30310    6
0.303    0.30310    6
0.303    0.30320    6
0.303    0.30320    6
0.303    0.30330    6
0.303    0.30330    6
0.309    0.30890    6
0.309    0.30890    6
0.309    0.30890    6
0.309    0.30900    6
0.309    0.30900    6
0.309    0.30900    6
0.309    0.30910    6
0.309    0.30910    6
0.315    0.31470    6
0.315    0.31470    6
0.315    0.31480    6
0.315    0.31480    6
0.315    0.31480    6
0.315    0.31490    6
0.315    0.31490    6
0.315    0.31500    6
0.321    0.32060    6
0.321    0.32060    6
0.321    0.32060    6
0.321    0.32070    6
0.321    0.32070    6
0.321    0.32070    6
0.321    0.32080    6
0.321    0.32080    6
0.326    0.32640    6
0.326    0.32640    6
0.326    0.32650    6
0.326    0.32650    6
0.327    0.32650    6
0.327    0.32660    6
0.327    0.32660    6
0.332    0.33230    6
0.332    0.33230    6
0.332    0.33240    6
0.332    0.33240    6
0.332    0.33240    6
0.338    0.33810    6
0.338    0.33810    6
0.338    0.33820    6
0.338    0.33820    6
0.344    0.34400    6
0.344    0.34400    6
0.350    0.34980    6


Table for attack
14    13.62    1
16    15.56    1
18    17.51    1
19    19.45    1
27    27.24    2
29    29.18    2
31    31.12    2
31    31.13    2
33    33.07    2
35    35.01    2
35    35.02    2
37    36.96    2
39    38.90    2
41    40.86    3
43    42.80    3
45    44.74    3
45    44.75    3
47    46.68    3
47    46.69    3
47    46.69    3
49    48.63    3
49    48.64    3
51    50.57    3
51    50.57    3
51    50.58    3
51    50.58    3
53    52.52    3
53    52.52    3
53    52.53    3
54    54.46    3
54    54.47    3
54    54.48    4
56    56.41    3
56    56.41    3
56    56.42    4
56    56.42    4
58    58.35    3
58    58.36    4
58    58.37    4
58    58.37    4
60    60.30    4
60    60.30    4
60    60.31    4
60    60.31    4
62    62.24    4
62    62.25    4
62    62.25    4
62    62.26    4
62    62.26    4
64    64.19    4
64    64.20    4
64    64.20    4
66    66.13    4
66    66.13    4
66    66.14    4
66    66.14    4
66    66.15    4
68    68.08    4
68    68.09    4
68    68.09    4
68    68.10    5
70    70.02    4
70    70.03    4
70    70.03    4
70    70.04    4
70    70.04    5
72    71.97    4
72    71.98    4
72    71.98    5
72    71.98    4
72    71.98    5
72    71.99    5
72    71.99    5
74    73.91    4
74    73.92    4
74    73.92    5
74    73.92    4
74    73.92    5
74    73.93    5
76    75.86    4
76    75.86    5
76    75.87    5
76    75.87    5
76    75.88    5
76    75.88    5
78    77.80    4
78    77.80    5
78    77.81    5
78    77.81    5
78    77.82    5
78    77.82    5
80    79.75    5
80    79.75    5
80    79.76    5
80    79.76    5
80    79.76    5
80    79.77    5
80    79.77    5
82    81.69    5
82    81.69    5
82    81.70    5
82    81.70    5
82    81.71    5
82    81.71    5
82    81.72    6
84    83.64    5
84    83.64    5
84    83.65    5
84    83.65    5
84    83.65    5
84    83.66    6
84    83.66    5
84    83.66    6
86    85.58    5
86    85.59    5
86    85.59    5
86    85.59    5
86    85.60    5
86    85.60    6
86    85.60    5
86    85.60    6
86    85.61    6
86    85.61    6
88    87.53    5
88    87.53    5
88    87.54    5
88    87.54    6
88    87.54    5
88    87.54    6
88    87.54    5
88    87.54    6
88    87.55    6
88    87.55    5
88    87.55    6
89    89.47    5
89    89.48    5
89    89.48    6
89    89.48    5
89    89.48    6
89    89.48    5
89    89.49    5
89    89.49    6
89    89.49    5
89    89.49    6
90    89.50    6
90    89.50    6
91    91.42    5
91    91.42    6
91    91.42    5
91    91.42    6
91    91.43    5
91    91.43    6
91    91.43    5
91    91.43    6
91    91.43    5
91    91.43    6
91    91.44    6
91    91.44    6
91    91.44    6
93    93.36    5
93    93.36    6
93    93.37    5
93    93.37    6
93    93.37    5
93    93.37    6
93    93.37    5
93    93.37    6
93    93.38    6
93    93.38    6
93    93.38    6
93    93.39    6
93    93.39    6
95    95.31    5
95    95.31    6
95    95.31    5
95    95.31    6
95    95.32    6
95    95.32    6
95    95.32    6
95    95.33    6
95    95.33    6
95    95.33    6
97    97.25    6
97    97.25    5
97    97.25    6
97    97.26    6
97    97.26    6
97    97.26    6
97    97.27    6
97    97.27    6
97    97.27    6
97    97.28    6
97    97.28    6
99    99.20    6
99    99.20    6
99    99.20    6
99    99.21    6
99    99.21    6
99    99.21    6
99    99.21    6
99    99.22    6
99    99.22    6
101    101.14    6
101    101.15    6
101    101.15    6
101    101.15    6
101    101.16    6
101    101.16    6
101    101.16    6
101    101.17    6
103    103.09    6
103    103.09    6
103    103.09    6
103    103.10    6
103    103.10    6
103    103.10    6
103    103.10    6
103    103.11    6
103    103.11    6
105    105.03    6
105    105.04    6
105    105.04    6
105    105.04    6
105    105.05    6
105    105.05    6
105    105.05    6
105    105.06    6
107    106.98    6
107    106.98    6
107    106.98    6
107    106.99    6
107    106.99    6
107    106.99    6
107    106.99    6
107    107.00    6
107    107.00    6
109    108.92    6
109    108.93    6
109    108.93    6
109    108.93    6
109    108.94    6
109    108.94    6
109    108.94    6
111    110.87    6
111    110.87    6
111    110.87    6
111    110.88    6
111    110.88    6
111    110.88    6
111    110.88    6
113    112.81    6
113    112.82    6
113    112.82    6
113    112.82    6
115    114.76    6
115    114.76    6
115    114.76    6
117    116.70    6


Table for attack_percent
0.041    0.04080    1
0.047    0.04660    1
0.052    0.05250    1
0.058    0.05830    1
0.082    0.08160    2
0.087    0.08740    2
0.093    0.09320    2
0.093    0.09330    2
0.099    0.09910    2
0.099    0.09910    2
0.105    0.10490    2
0.105    0.10500    2
0.111    0.11080    2
0.117    0.11660    2
0.122    0.12240    3
0.128    0.12820    3
0.128    0.12820    3
0.134    0.13400    3
0.134    0.13410    3
0.140    0.13980    3
0.140    0.13990    3
0.146    0.14570    3
0.146    0.14570    3
0.146    0.14580    3
0.152    0.15150    3
0.152    0.15160    3
0.152    0.15160    3
0.157    0.15740    3
0.157    0.15750    3
0.163    0.16320    3
0.163    0.16320    3
0.163    0.16320    4
0.163    0.16330    3
0.169    0.16900    4
0.169    0.16900    4
0.169    0.16910    3
0.175    0.17480    4
0.175    0.17480    4
0.175    0.17490    3
0.175    0.17490    4
0.175    0.17490    4
0.181    0.18060    4
0.181    0.18070    4
0.181    0.18070    4
0.186    0.18640    4
0.186    0.18650    4
0.187    0.18650    4
0.187    0.18660    4
0.192    0.19230    4
0.192    0.19230    4
0.192    0.19240    4
0.192    0.19240    4
0.198    0.19810    4
0.198    0.19820    4
0.198    0.19820    4
0.198    0.19830    4
0.198    0.19830    4
0.204    0.20400    4
0.204    0.20400    4
0.204    0.20400    5
0.204    0.20410    4
0.204    0.20410    4
0.210    0.20980    4
0.210    0.20980    4
0.210    0.20980    5
0.210    0.20980    5
0.210    0.20990    4
0.210    0.20990    4
0.210    0.21000    4
0.216    0.21560    5
0.216    0.21560    5
0.216    0.21570    4
0.216    0.21570    4
0.216    0.21570    5
0.216    0.21570    5
0.216    0.21580    4
0.216    0.21580    4
0.221    0.22140    5
0.221    0.22140    5
0.221    0.22150    4
0.221    0.22150    5
0.222    0.22150    4
0.222    0.22150    5
0.222    0.22160    4
0.227    0.22720    5
0.227    0.22730    5
0.227    0.22730    5
0.227    0.22730    5
0.227    0.22740    4
0.227    0.22740    5
0.227    0.22740    4
0.227    0.22740    5
0.233    0.23300    5
0.233    0.23310    5
0.233    0.23310    5
0.233    0.23320    5
0.233    0.23320    4
0.233    0.23320    5
0.233    0.23320    5
0.239    0.23890    5
0.239    0.23890    5
0.239    0.23900    5
0.239    0.23900    5
0.239    0.23910    5
0.239    0.23910    5
0.245    0.24470    5
0.245    0.24480    5
0.245    0.24480    5
0.245    0.24480    5
0.245    0.24480    6
0.245    0.24490    5
0.245    0.24490    5
0.251    0.25060    5
0.251    0.25060    5
0.251    0.25060    6
0.251    0.25070    5
0.251    0.25080    5
0.251    0.25080    5
0.256    0.25640    5
0.256    0.25640    6
0.256    0.25640    6
0.256    0.25650    5
0.257    0.25650    5
0.257    0.25650    6
0.257    0.25660    5
0.262    0.26220    6
0.262    0.26230    5
0.262    0.26230    6
0.262    0.26230    5
0.262    0.26230    6
0.262    0.26240    5
0.262    0.26240    5
0.262    0.26250    5
0.268    0.26800    6
0.268    0.26810    5
0.268    0.26810    6
0.268    0.26810    5
0.268    0.26810    6
0.268    0.26820    5
0.268    0.26820    6
0.268    0.26820    5
0.268    0.26820    6
0.268    0.26830    5
0.274    0.27380    6
0.274    0.27380    6
0.274    0.27390    6
0.274    0.27390    6
0.274    0.27390    6
0.274    0.27400    5
0.274    0.27400    6
0.274    0.27400    5
0.274    0.27400    6
0.274    0.27410    5
0.274    0.27410    5
0.280    0.27960    6
0.280    0.27970    6
0.280    0.27970    6
0.280    0.27980    5
0.280    0.27980    6
0.280    0.27980    6
0.280    0.27990    5
0.280    0.27990    6
0.280    0.27990    5
0.280    0.27990    6
0.285    0.28550    6
0.286    0.28560    6
0.286    0.28560    6
0.286    0.28570    5
0.286    0.28570    6
0.286    0.28570    6
0.291    0.29130    6
0.291    0.29140    6
0.291    0.29140    6
0.291    0.29150    6
0.292    0.29150    5
0.292    0.29150    6
0.292    0.29160    6
0.292    0.29160    6
0.297    0.29720    6
0.297    0.29720    6
0.297    0.29720    6
0.297    0.29730    6
0.297    0.29730    6
0.297    0.29740    6
0.303    0.30300    6
0.303    0.30300    6
0.303    0.30310    6
0.303    0.30310    6
0.303    0.30320    6
0.303    0.30320    6
0.303    0.30330    6
0.303    0.30330    6
0.309    0.30890    6
0.309    0.30890    6
0.309    0.30890    6
0.309    0.30900    6
0.309    0.30900    6
0.309    0.30900    6
0.309    0.30910    6
0.309    0.30910    6
0.315    0.31470    6
0.315    0.31470    6
0.315    0.31480    6
0.315    0.31480    6
0.315    0.31480    6
0.315    0.31490    6
0.315    0.31490    6
0.315    0.31500    6
0.321    0.32060    6
0.321    0.32060    6
0.321    0.32060    6
0.321    0.32070    6
0.321    0.32070    6
0.321    0.32070    6
0.321    0.32080    6
0.321    0.32080    6
0.326    0.32640    6
0.326    0.32640    6
0.326    0.32650    6
0.326    0.32650    6
0.327    0.32650    6
0.327    0.32660    6
0.327    0.32660    6
0.332    0.33230    6
0.332    0.33230    6
0.332    0.33240    6
0.332    0.33240    6
0.332    0.33240    6
0.338    0.33810    6
0.338    0.33810    6
0.338    0.33820    6
0.338    0.33820    6
0.344    0.34400    6
0.344    0.34400    6
0.350    0.34980    6


Table for defense
16    16.20    1
19    18.52    1
21    20.83    1
23    23.14    1
32    32.40    2
35    34.72    2
37    37.03    2
37    37.04    2
39    39.34    2
39    39.35    2
42    41.66    2
44    43.97    2
46    46.28    2
49    48.60    3
51    50.92    3
53    53.23    3
53    53.23    3
53    53.24    3
56    55.54    3
56    55.55    3
56    55.55    3
56    55.56    3
58    57.86    3
58    57.87    3
58    57.87    3
60    60.17    3
60    60.17    3
60    60.18    3
62    62.48    3
62    62.49    3
62    62.49    3
65    64.80    3
65    64.80    4
67    67.11    3
67    67.12    4
69    69.42    3
69    69.43    4
69    69.43    4
69    69.44    4
72    71.74    4
72    71.75    4
72    71.76    4
74    74.06    4
74    74.06    4
74    74.07    4
74    74.07    4
74    74.08    4
76    76.37    4
76    76.37    4
76    76.38    4
76    76.38    4
76    76.39    4
79    78.68    4
79    78.69    4
79    78.70    4
79    78.70    4
81    81.00    4
81    81.00    5
81    81.01    4
81    81.01    4
83    83.31    4
83    83.32    4
83    83.32    4
83    83.32    5
86    85.62    4
86    85.63    4
86    85.63    4
86    85.63    5
86    85.64    5
88    87.94    4
88    87.94    5
88    87.95    5
88    87.95    5
88    87.95    5
88    87.96    5
90    90.25    4
90    90.26    5
90    90.26    5
90    90.26    5
90    90.27    5
90    90.28    5
93    92.56    4
93    92.57    5
93    92.57    5
93    92.57    5
93    92.58    5
93    92.59    5
93    92.59    5
93    92.59    5
93    92.60    5
95    94.88    5
95    94.89    5
95    94.89    5
95    94.90    5
95    94.90    5
95    94.90    5
95    94.91    5
97    97.20    5
97    97.20    6
97    97.20    5
97    97.21    5
97    97.21    5
97    97.21    5
97    97.22    5
100    99.51    5
100    99.51    5
100    99.52    5
100    99.52    5
100    99.52    6
100    99.53    5
100    99.53    5
102    101.82    5
102    101.82    5
102    101.83    5
102    101.83    6
102    101.84    5
102    101.84    6
102    101.84    5
102    101.84    5
102    101.84    6
104    104.14    5
104    104.14    6
104    104.15    5
104    104.15    6
104    104.15    5
104    104.15    5
104    104.15    6
104    104.16    6
106    106.45    5
106    106.46    6
106    106.46    5
106    106.46    5
106    106.46    6
106    106.47    6
106    106.47    6
106    106.48    6
106    106.48    6
109    108.76    5
109    108.77    6
109    108.77    5
109    108.77    5
109    108.77    6
109    108.78    6
109    108.78    6
109    108.78    6
109    108.79    6
109    108.79    6
109    108.80    6
111    111.08    5
111    111.08    6
111    111.09    6
111    111.09    6
111    111.09    6
111    111.10    6
111    111.10    6
111    111.11    6
111    111.11    6
111    111.12    6
113    113.39    5
113    113.40    6
113    113.40    6
113    113.40    6
113    113.41    6
113    113.41    6
113    113.42    6
113    113.42    6
113    113.42    6
113    113.43    6
116    115.70    5
116    115.71    6
116    115.71    6
116    115.71    6
116    115.72    6
116    115.72    6
116    115.73    6
116    115.73    6
116    115.73    6
116    115.74    6
118    118.02    6
118    118.02    6
118    118.03    6
118    118.03    6
118    118.04    6
118    118.04    6
118    118.04    6
118    118.05    6
120    120.34    6
120    120.34    6
120    120.35    6
120    120.35    6
120    120.35    6
120    120.36    6
120    120.36    6
120    120.36    6
123    122.65    6
123    122.65    6
123    122.66    6
123    122.66    6
123    122.67    6
123    122.67    6
123    122.67    6
125    124.96    6
125    124.96    6
125    124.97    6
125    124.98    6
125    124.98    6
125    124.98    6
127    127.28    6
127    127.29    6
127    127.29    6
127    127.29    6
130    129.59    6
130    129.60    6
130    129.60    6
132    131.90    6
132    131.91    6
134    134.22    6
137    136.53    6
139    138.84    6


Table for defense_percent
0.051    0.05100    1
0.058    0.05830    1
0.066    0.06560    1
0.073    0.07290    1
0.102    0.10200    2
0.109    0.10930    2
0.117    0.11660    2
0.124    0.12390    2
0.131    0.13120    2
0.139    0.13850    2
0.146    0.14580    2
0.153    0.15300    3
0.160    0.16030    3
0.168    0.16760    3
0.175    0.17490    3
0.182    0.18220    3
0.190    0.18950    3
0.197    0.19680    3
0.197    0.19680    3
0.204    0.20400    4
0.204    0.20410    3
0.204    0.20410    3
0.211    0.21130    4
0.211    0.21140    3
0.219    0.21860    4
0.219    0.21870    3
0.226    0.22590    4
0.226    0.22590    4
0.233    0.23320    4
0.233    0.23320    4
0.241    0.24050    4
0.248    0.24780    4
0.248    0.24780    4
0.255    0.25500    5
0.255    0.25510    4
0.255    0.25510    4
0.262    0.26230    5
0.262    0.26230    5
0.262    0.26240    4
0.270    0.26960    5
0.270    0.26970    4
0.270    0.26970    4
0.277    0.27690    5
0.277    0.27700    4
0.277    0.27700    4
0.284    0.28420    5
0.284    0.28420    5
0.284    0.28430    4
0.292    0.29150    5
0.292    0.29160    4
0.299    0.29880    5
0.299    0.29880    5
0.306    0.30600    6
0.306    0.30610    5
0.306    0.30610    5
0.313    0.31330    6
0.313    0.31330    6
0.313    0.31340    5
0.313    0.31340    5
0.321    0.32060    6
0.321    0.32060    6
0.321    0.32070    5
0.321    0.32070    5
0.328    0.32790    6
0.328    0.32790    6
0.328    0.32800    5
0.328    0.32800    5
0.335    0.33520    6
0.335    0.33520    6
0.335    0.33530    5
0.335    0.33530    5
0.335    0.33530    5
0.342    0.34250    6
0.343    0.34250    6
0.343    0.34260    5
0.343    0.34260    5
0.350    0.34980    6
0.350    0.34980    6
0.350    0.34990    5
0.350    0.34990    5
0.357    0.35710    6
0.357    0.35710    6
0.357    0.35720    5
0.364    0.36440    6
0.364    0.36440    6
0.364    0.36440    6
0.364    0.36450    5
0.372    0.37170    6
0.372    0.37170    6
0.372    0.37170    6
0.379    0.37900    6
0.379    0.37900    6
0.386    0.38630    6
0.386    0.38630    6
0.386    0.38630    6
0.394    0.39360    6
0.394    0.39360    6
0.394    0.39360    6
0.401    0.40090    6
0.401    0.40090    6
0.401    0.40090    6
0.408    0.40820    6
0.408    0.40820    6
0.408    0.40820    6
0.415    0.41550    6
0.416    0.41550    6
0.423    0.42280    6
0.423    0.42280    6
0.430    0.43010    6
0.437    0.43740    6


Table for charge_efficiency
0.045    0.04530    1
0.052    0.05180    1
0.058    0.05830    1
0.065    0.06480    1
0.091    0.09060    2
0.097    0.09710    2
0.104    0.10360    2
0.104    0.10360    2
0.110    0.11010    2
0.117    0.11660    2
0.117    0.11660    2
0.123    0.12310    2
0.130    0.12960    2
0.136    0.13590    3
0.142    0.14240    3
0.149    0.14890    3
0.155    0.15540    3
0.155    0.15540    3
0.162    0.16190    3
0.162    0.16190    3
0.168    0.16840    3
0.168    0.16840    3
0.175    0.17490    3
0.175    0.17490    3
0.181    0.18120    4
0.181    0.18140    3
0.188    0.18770    4
0.188    0.18770    4
0.188    0.18790    3
0.194    0.19420    4
0.194    0.19420    4
0.194    0.19440    3
0.201    0.20070    4
0.201    0.20070    4
0.201    0.20070    4
0.207    0.20720    4
0.207    0.20720    4
0.207    0.20720    4
0.214    0.21370    4
0.214    0.21370    4
0.220    0.22020    4
0.220    0.22020    4
0.220    0.22020    4
0.227    0.22650    5
0.227    0.22670    4
0.227    0.22670    4
0.233    0.23300    5
0.233    0.23300    5
0.233    0.23300    5
0.233    0.23320    4
0.233    0.23320    4
0.233    0.23320    4
0.239    0.23950    5
0.240    0.23950    5
0.240    0.23950    5
0.240    0.23970    4
0.240    0.23970    4
0.240    0.23970    4
0.246    0.24600    5
0.246    0.24600    5
0.246    0.24600    5
0.246    0.24620    4
0.246    0.24620    4
0.252    0.25250    5
0.253    0.25250    5
0.253    0.25270    4
0.259    0.25900    5
0.259    0.25900    5
0.259    0.25900    5
0.259    0.25920    4
0.265    0.26550    5
0.266    0.26550    5
0.272    0.27180    6
0.272    0.27200    5
0.272    0.27200    5
0.278    0.27830    6
0.278    0.27830    6
0.278    0.27850    5
0.279    0.27850    5
0.285    0.28480    6
0.285    0.28480    6
0.285    0.28500    5
0.285    0.28500    5
0.291    0.29130    6
0.291    0.29130    6
0.291    0.29130    6
0.291    0.29150    5
0.292    0.29150    5
0.292    0.29150    5
0.298    0.29780    6
0.298    0.29780    6
0.298    0.29780    6
0.298    0.29800    5
0.298    0.29800    5
0.304    0.30430    6
0.304    0.30430    6
0.304    0.30430    6
0.304    0.30450    5
0.305    0.30450    5
0.311    0.31080    6
0.311    0.31080    6
0.311    0.31080    6
0.311    0.31100    5
0.311    0.31100    5
0.317    0.31730    6
0.317    0.31730    6
0.317    0.31730    6
0.317    0.31750    5
0.324    0.32380    6
0.324    0.32380    6
0.324    0.32380    6
0.324    0.32400    5
0.330    0.33030    6
0.330    0.33030    6
0.330    0.33030    6
0.337    0.33680    6
0.337    0.33680    6
0.337    0.33680    6
0.343    0.34330    6
0.343    0.34330    6
0.343    0.34330    6
0.350    0.34980    6
0.350    0.34980    6
0.350    0.34980    6
0.356    0.35630    6
0.356    0.35630    6
0.356    0.35630    6
0.363    0.36280    6
0.363    0.36280    6
0.363    0.36280    6
0.369    0.36930    6
0.369    0.36930    6
0.376    0.37580    6
0.376    0.37580    6
0.382    0.38230    6
0.389    0.38880    6


Table for element_mastery
16    16.32    1
19    18.65    1
21    20.98    1
23    23.31    1
33    32.64    2
35    34.97    2
37    37.30    2
40    39.63    2
42    41.96    2
44    44.29    2
47    46.62    2
49    48.96    3
51    51.29    3
54    53.62    3
54    53.62    3
56    55.95    3
56    55.95    3
58    58.28    3
61    60.61    3
61    60.61    3
63    62.94    3
63    62.94    3
63    62.94    3
65    65.27    3
65    65.27    3
65    65.28    4
68    67.60    3
68    67.61    4
70    69.93    3
70    69.94    4
72    72.27    4
72    72.27    4
75    74.60    4
75    74.60    4
77    76.93    4
77    76.93    4
79    79.26    4
79    79.26    4
82    81.59    4
82    81.59    4
82    81.60    5
84    83.92    4
84    83.92    4
84    83.93    5
86    86.25    4
86    86.25    4
86    86.26    5
86    86.26    5
89    88.58    4
89    88.58    4
89    88.59    5
89    88.59    5
91    90.91    4
91    90.91    4
91    90.92    5
91    90.92    5
93    93.24    4
93    93.25    5
93    93.25    5
93    93.25    5
96    95.58    5
96    95.58    5
98    97.91    5
98    97.91    5
98    97.91    5
98    97.92    6
100    100.24    5
100    100.24    5
100    100.24    5
100    100.25    6
103    102.57    5
103    102.57    5
103    102.57    5
103    102.58    6
103    102.58    6
105    104.90    5
105    104.90    5
105    104.90    5
105    104.91    6
105    104.91    6
107    107.23    5
107    107.23    5
107    107.24    6
107    107.24    6
107    107.24    6
110    109.56    5
110    109.56    5
110    109.56    5
110    109.57    6
110    109.57    6
110    109.57    6
112    111.89    5
112    111.89    5
112    111.90    6
112    111.90    6
112    111.90    6
114    114.22    5
114    114.22    5
114    114.23    6
114    114.23    6
114    114.23    6
114    114.23    6
117    116.55    5
117    116.56    6
117    116.56    6
117    116.56    6
119    118.89    6
119    118.89    6
119    118.89    6
119    118.89    6
121    121.22    6
121    121.22    6
121    121.22    6
121    121.22    6
124    123.55    6
124    123.55    6
124    123.55    6
124    123.55    6
126    125.88    6
126    125.88    6
126    125.88    6
128    128.21    6
128    128.21    6
131    130.54    6
131    130.54    6
133    132.87    6
133    132.87    6
135    135.20    6
138    137.53    6
140    139.86    6


Table for critical
0.027    0.02720    1
0.031    0.03110    1
0.035    0.03500    1
0.039    0.03890    1
0.054    0.05440    2
0.058    0.05830    2
0.062    0.06220    2
0.062    0.06220    2
0.066    0.06610    2
0.070    0.07000    2
0.074    0.07390    2
0.078    0.07780    2
0.082    0.08160    3
0.086    0.08550    3
0.089    0.08940    3
0.093    0.09330    3
0.097    0.09720    3
0.097    0.09720    3
0.101    0.10110    3
0.105    0.10500    3
0.105    0.10500    3
0.109    0.10880    4
0.109    0.10890    3
0.113    0.11270    4
0.113    0.11280    3
0.117    0.11660    4
0.117    0.11660    4
0.117    0.11670    3
0.120    0.12050    4
0.124    0.12440    4
0.124    0.12440    4
0.128    0.12830    4
0.128    0.12830    4
0.132    0.13220    4
0.136    0.13600    5
0.136    0.13610    4
0.136    0.13610    4
0.140    0.13990    5
0.140    0.14000    4
0.144    0.14380    5
0.144    0.14390    4
0.144    0.14390    4
0.148    0.14770    5
0.148    0.14770    5
0.148    0.14780    4
0.152    0.15160    5
0.152    0.15170    4
0.152    0.15170    4
0.155    0.15550    5
0.156    0.15550    5
0.156    0.15560    4
0.159    0.15940    5
0.159    0.15940    5
0.163    0.16320    6
0.163    0.16330    5
0.163    0.16330    5
0.167    0.16710    6
0.167    0.16710    6
0.167    0.16720    5
0.167    0.16720    5
0.171    0.17100    6
0.171    0.17110    5
0.171    0.17110    5
0.175    0.17490    6
0.175    0.17490    6
0.175    0.17500    5
0.175    0.17500    5
0.179    0.17880    6
0.179    0.17880    6
0.179    0.17890    5
0.179    0.17890    5
0.183    0.18270    6
0.183    0.18270    6
0.183    0.18280    5
0.183    0.18280    5
0.187    0.18660    6
0.187    0.18660    6
0.187    0.18670    5
0.187    0.18670    5
0.190    0.19050    6
0.191    0.19050    6
0.191    0.19050    6
0.191    0.19060    5
0.191    0.19060    5
0.194    0.19440    6
0.194    0.19440    6
0.194    0.19450    5
0.198    0.19830    6
0.198    0.19830    6
0.198    0.19830    6
0.202    0.20220    6
0.202    0.20220    6
0.206    0.20610    6
0.206    0.20610    6
0.206    0.20610    6
0.210    0.21000    6
0.210    0.21000    6
0.214    0.21390    6
0.214    0.21390    6
0.214    0.21390    6
0.218    0.21780    6
0.218    0.21780    6
0.222    0.22170    6
0.222    0.22170    6
0.222    0.22170    6
0.226    0.22560    6
0.226    0.22560    6
0.229    0.22950    6
0.230    0.22950    6
0.233    0.23340    6


Table for critical_hurt
0.054    0.05440    1
0.062    0.06220    1
0.070    0.06990    1
0.078    0.07770    1
0.109    0.10880    2
0.117    0.11660    2
0.124    0.12430    2
0.124    0.12440    2
0.132    0.13210    2
0.140    0.13980    2
0.140    0.13990    2
0.148    0.14760    2
0.155    0.15540    2
0.163    0.16320    3
0.171    0.17100    3
0.179    0.17870    3
0.179    0.17880    3
0.186    0.18650    3
0.187    0.18660    3
0.194    0.19420    3
0.194    0.19420    3
0.194    0.19430    3
0.202    0.20200    3
0.202    0.20210    3
0.210    0.20970    3
0.210    0.20980    3
0.210    0.20980    3
0.218    0.21750    3
0.218    0.21760    3
0.218    0.21760    4
0.225    0.22530    3
0.225    0.22540    4
0.233    0.23310    3
0.233    0.23310    4
0.233    0.23320    4
0.241    0.24090    4
0.241    0.24090    4
0.241    0.24100    4
0.249    0.24860    4
0.249    0.24860    4
0.249    0.24870    4
0.249    0.24880    4
0.256    0.25640    4
0.256    0.25640    4
0.257    0.25650    4
0.264    0.26410    4
0.264    0.26410    4
0.264    0.26420    4
0.264    0.26430    4
0.272    0.27190    4
0.272    0.27200    4
0.272    0.27200    4
0.272    0.27200    5
0.280    0.27960    4
0.280    0.27970    4
0.280    0.27970    4
0.280    0.27980    4
0.280    0.27980    5
0.287    0.28740    4
0.287    0.28740    4
0.287    0.28750    4
0.287    0.28750    5
0.288    0.28760    5
0.295    0.29520    4
0.295    0.29530    4
0.295    0.29530    4
0.295    0.29530    5
0.295    0.29540    5
0.303    0.30300    4
0.303    0.30300    4
0.303    0.30300    5
0.303    0.30310    5
0.303    0.30310    5
0.303    0.30320    5
0.311    0.31080    4
0.311    0.31080    5
0.311    0.31080    5
0.311    0.31090    5
0.311    0.31100    5
0.318    0.31850    5
0.319    0.31850    5
0.319    0.31860    5
0.319    0.31860    5
0.319    0.31870    5
0.319    0.31870    5
0.326    0.32630    5
0.326    0.32630    5
0.326    0.32640    5
0.326    0.32640    5
0.326    0.32640    6
0.326    0.32650    5
0.334    0.33400    5
0.334    0.33400    5
0.334    0.33410    5
0.334    0.33410    5
0.334    0.33420    5
0.334    0.33420    6
0.334    0.33420    5
0.334    0.33420    6
0.342    0.34180    5
0.342    0.34180    5
0.342    0.34190    5
0.342    0.34190    6
0.342    0.34190    5
0.342    0.34190    6
0.342    0.34200    5
0.342    0.34200    5
0.342    0.34200    6
0.350    0.34950    5
0.350    0.34960    5
0.350    0.34960    5
0.350    0.34970    5
0.350    0.34970    5
0.350    0.34970    6
0.350    0.34980    6
0.350    0.34980    6
0.357    0.35730    5
0.357    0.35730    5
0.357    0.35740    5
0.357    0.35740    5
0.357    0.35740    6
0.357    0.35750    5
0.357    0.35750    6
0.358    0.35750    5
0.358    0.35750    6
0.358    0.35760    6
0.365    0.36510    5
0.365    0.36510    5
0.365    0.36520    5
0.365    0.36520    6
0.365    0.36520    5
0.365    0.36520    6
0.365    0.36530    6
0.365    0.36530    6
0.365    0.36540    6
0.365    0.36540    6
0.373    0.37290    5
0.373    0.37290    6
0.373    0.37290    5
0.373    0.37290    6
0.373    0.37300    5
0.373    0.37300    5
0.373    0.37300    6
0.373    0.37300    6
0.373    0.37310    6
0.373    0.37310    6
0.373    0.37320    6
0.381    0.38070    5
0.381    0.38070    5
0.381    0.38070    6
0.381    0.38070    6
0.381    0.38080    6
0.381    0.38080    6
0.381    0.38080    6
0.381    0.38090    6
0.381    0.38090    6
0.388    0.38840    6
0.388    0.38840    6
0.388    0.38850    5
0.388    0.38850    6
0.389    0.38850    6
0.389    0.38850    6
0.389    0.38860    6
0.389    0.38860    6
0.389    0.38870    6
0.389    0.38870    6
0.396    0.39620    6
0.396    0.39620    6
0.396    0.39620    6
0.396    0.39630    6
0.396    0.39630    6
0.396    0.39640    6
0.396    0.39640    6
0.396    0.39640    6
0.404    0.40390    6
0.404    0.40390    6
0.404    0.40400    6
0.404    0.40400    6
0.404    0.40410    6
0.404    0.40410    6
0.404    0.40410    6
0.404    0.40420    6
0.404    0.40420    6
0.412    0.41170    6
0.412    0.41170    6
0.412    0.41180    6
0.412    0.41180    6
0.412    0.41180    6
0.412    0.41190    6
0.412    0.41190    6
0.419    0.41940    6
0.419    0.41950    6
0.419    0.41950    6
0.420    0.41950    6
0.420    0.41960    6
0.420    0.41960    6
0.420    0.41970    6
0.420    0.41970    6
0.420    0.41970    6
0.427    0.42720    6
0.427    0.42720    6
0.427    0.42730    6
0.427    0.42730    6
0.427    0.42740    6
0.427    0.42740    6
0.427    0.42740    6
0.435    0.43500    6
0.435    0.43500    6
0.435    0.43510    6
0.435    0.43510    6
0.435    0.43510    6
0.435    0.43520    6
0.435    0.43520    6
0.443    0.44280    6
0.443    0.44280    6
0.443    0.44280    6
0.443    0.44290    6
0.443    0.44290    6
0.451    0.45060    6
0.451    0.45060    6
0.451    0.45070    6
0.451    0.45070    6
0.458    0.45840    6
0.458    0.45840    6
0.466    0.46620    6